1,1,3
2,2,3
3,3,3
4,4,3
5,5,3
6,6,3
7,7,3
8,8,3
9,9,4
10,10,4
11,11,4
12,12,4
13,13,4
14,14,4
15,15,4
16,16,4
17,17,5
18,18,5
19,19,5
20,20,5
21,21,5
22,22,5
23,23,5
24,24,5
25,25,6
26,26,6
27,27,6
28,28,6
29,29,6
30,30,6
31,31,6
32,32,6
33,33,7
34,34,7
35,35,7
36,36,7
37,37,7
38,38,7
39,39,7
40,40,7
41,41,8
42,42,8
43,43,8
44,44,8
45,45,8
46,46,8
47,47,8
48,48,8
49,49,9
50,50,9
51,51,9
52,52,9
53,53,9
54,54,9
55,55,9
56,56,9
57,57,10
58,58,10
59,59,10
60,60,10
61,61,10
62,62,10
63,63,10
64,64,10
65,65,11
66,66,11
67,67,11
68,68,11
69,69,11
70,70,11
71,71,11
72,72,11
73,73,12
74,74,12
75,75,12
76,76,12
77,77,12
78,78,12
79,79,12
80,80,12
81,81,13
82,82,13
83,83,13
84,84,13
85,85,13
86,86,13
87,87,13
88,88,13
89,89,14
90,90,14
91,91,14
92,92,14
93,93,14
94,94,14
95,95,14
96,96,14
97,97,14
98,98,14
99,99,14
100,100,14
